$ANSIBLE_VAULT;1.1;AES256
34323637353930363830323439336435396230333036633064323162656261616665613538633531
3866653265626637346262623331663964396531316332640a646135323738393962623036383339
64386232383237326663313663303837633636333534653038386135353732656330613466666630
6162313763653866320a393037633264363639383666396235656633613966656533303861346166
62343135323735306434626434383833313539613230396662633166623265353966313366386239
39633264333835656330353938323164323830636662373761633037303032373762393338376537
36646530333432353338616661616666663532666231366564326633623366303332613064366162
35373961646466623637303235663262353664306434353865363132653137386562616364383939
39623763363934346435383738343263306331646665656661323538643263316461303632383834
33303933643033626562613638323962333033643366356536383539373361346433323063323763
66633466633234313934353432333735333931346666613533663463333464356562306337613631
62666431386632323438316230383830643461336430616666656461666334333766613639613437
34353461353639313661646363336131663135333838306534373131356330633237653464383039
38376262396132643132653666643534393630333161616666366262373536393666633636666132
37356264646135623736313462623833323730313033356133653037626263663833336461616136
30393961653437363134326438336635323666313664613039353237376562313461383662366239
6464
